param N := 10;
param T := 249;
param q := 10;

param benchmark :=
1 -0.004595
2 0.003055
3 -0.001630
4 0.003409
5 -0.007961
6 0.001427
7 -0.009616
8 0.013890
9 -0.003213
10 0.001945
11 -0.000755
12 0.009593
13 -0.010530
14 -0.011597
15 0.001410
16 -0.005122
17 0.001923
18 -0.016304
19 0.008671
20 0.009223
21 -0.002341
22 -0.012152
23 0.017689
24 -0.002887
25 -0.017809
26 0.003538
27 0.014249
28 0.014263
29 0.009938
30 0.002203
31 -0.000156
32 0.004748
33 0.000196
34 0.000720
35 0.003443
36 0.011151
37 0.005069
38 0.002535
39 -0.001507
40 0.003677
41 -0.001883
42 -0.003003
43 0.005335
44 0.006945
45 -0.005944
46 -0.011773
47 0.006309
48 0.007715
49 0.004139
50 0.013008
51 0.001619
52 -0.005712
53 0.006390
54 0.008183
55 0.005772
56 0.000620
57 0.001633
58 0.002088
59 -0.002208
60 0.001924
61 -0.002559
62 -0.001682
63 0.008740
64 0.007670
65 0.002462
66 -0.005750
67 0.005144
68 0.004983
69 0.003503
70 0.012544
71 -0.002859
72 0.002354
73 0.013218
74 -0.018834
75 -0.000079
76 0.002974
77 0.003726
78 -0.010022
79 -0.002997
80 -0.006094
81 0.007166
82 -0.000546
83 -0.022803
84 -0.006623
85 0.008364
86 -0.002120
87 -0.004322
88 0.015892
89 -0.004649
90 -0.013683
91 -0.034606
92 0.006126
93 -0.005070
94 0.020419
95 0.005348
96 0.005398
97 0.014271
98 0.002447
99 0.019869
100 -0.000082
101 0.009131
102 -0.002502
103 0.002896
104 -0.008873
105 0.010331
106 -0.001515
107 -0.002579
108 -0.006776
109 -0.001642
110 0.009051
111 -0.021752
112 -0.004758
113 0.001378
114 -0.018700
115 0.009882
116 0.005337
117 0.012568
118 0.011131
119 0.004658
120 -0.002091
121 -0.000516
122 0.000041
123 0.015078
124 -0.000606
125 0.002365
126 0.003676
127 -0.000075
128 -0.002869
129 0.000012
130 0.007287
131 -0.005504
132 0.000776
133 0.003341
134 0.009622
135 -0.012790
136 0.008110
137 0.004606
138 0.001612
139 0.004115
140 0.007137
141 -0.012391
142 0.001921
143 -0.001272
144 0.004627
145 0.003469
146 0.005946
147 -0.011293
148 -0.000645
149 0.003408
150 0.002086
151 0.003261
152 0.000441
153 -0.021847
154 0.006944
155 -0.003258
156 0.012051
157 0.019603
158 0.013905
159 -0.002366
160 -0.004457
161 0.002831
162 0.000082
163 -0.006362
164 -0.017958
165 0.002181
166 0.007800
167 0.003821
168 -0.003898
169 -0.003767
170 0.002737
171 0.008749
172 -0.002870
173 0.005971
174 0.008599
175 0.005902
176 0.006711
177 -0.004232
178 -0.001128
179 -0.002541
180 0.003856
181 0.005832
182 -0.007812
183 -0.005757
184 -0.000808
185 -0.002413
186 -0.020821
187 -0.001228
188 0.007387
189 0.007825
190 0.009327
191 -0.000999
192 -0.010631
193 -0.009048
194 -0.004905
195 0.001078
196 0.012435
197 0.013595
198 -0.011767
199 -0.002505
200 -0.008512
201 0.001131
202 -0.005009
203 0.019503
204 -0.014515
205 0.009981
206 0.006786
207 0.007532
208 0.006184
209 -0.001246
210 -0.009375
211 0.016102
212 -0.004404
213 0.001388
214 -0.005408
215 -0.005195
216 0.013924
217 -0.003069
218 0.002559
219 -0.012093
220 0.011687
221 0.002472
222 -0.006426
223 0.011899
224 0.000156
225 -0.007327
226 0.004465
227 -0.007655
228 -0.022944
229 -0.008671
230 -0.001945
231 -0.002099
232 -0.016831
233 0.016346
234 -0.025022
235 -0.002222
236 0.009502
237 -0.012249
238 0.002213
239 -0.029055
240 -0.002723
241 0.004949
242 -0.015703
243 0.021419
244 0.002513
245 -0.013567
246 0.009506
247 0.000793
248 0.006770
249 0.015853
;

param R : 1 2 3 4 5 6 7 8 9 10 :=
1 -0.006695 -0.007877 0.003632 0.003537 -0.014276 -0.002866 -0.026030 0.013147 -0.000991 -0.007529
2 0.020991 0.008544 0.001581 0.013961 -0.004102 -0.000522 -0.025284 0.001603 0.003465 0.010317
3 -0.010615 0.003054 0.002104 0.001455 -0.016908 -0.001686 0.001174 0.003240 -0.009099 0.010986
4 -0.008492 0.003266 0.027466 -0.002595 0.011813 0.009109 0.000077 -0.010159 -0.002829 0.006431
5 -0.007023 -0.001548 -0.004034 -0.000317 0.012177 -0.007399 -0.010133 -0.066618 -0.014099 0.019385
6 0.004786 0.009474 0.003203 -0.022245 0.018664 -0.002352 -0.005470 0.003486 0.004554 0.000168
7 -0.004904 -0.013300 -0.028739 -0.011475 0.008215 -0.006131 -0.034990 -0.009529 0.001177 0.003514
8 0.004492 0.027777 0.013077 -0.000722 0.031633 0.018118 0.024186 0.000790 0.005865 0.013688
9 -0.006686 0.000648 0.014190 -0.005264 -0.015460 -0.002188 -0.009992 0.000570 -0.001170 -0.006779
10 0.007216 0.002589 0.012728 0.004607 -0.004536 0.003972 -0.020628 0.008125 0.000167 0.005212
11 -0.011202 0.001507 -0.003040 -0.013819 0.005652 -0.007110 0.019549 -0.021259 0.013786 0.008382
12 0.042361 0.016534 0.019658 -0.009432 0.006385 0.010973 0.040274 -0.018682 -0.008781 -0.003361
13 0.008590 -0.015566 -0.010001 -0.008572 -0.021758 -0.014191 -0.027183 -0.005721 0.000832 -0.011728
14 -0.022106 -0.013577 -0.018129 0.000474 -0.023061 -0.019772 -0.025089 0.014534 -0.003498 -0.005749
15 -0.019353 -0.001635 -0.002113 -0.021505 -0.000940 0.002270 0.016308 0.050879 -0.001503 -0.008306
16 -0.008181 -0.011191 0.005625 0.002213 -0.011248 -0.006631 -0.039433 0.021311 -0.003180 -0.000506
17 -0.005731 -0.011429 0.003690 0.006678 0.015322 -0.018552 0.007540 0.029195 -0.006560 -0.000928
18 -0.012288 -0.025945 -0.011112 0.014780 -0.042189 -0.012821 -0.105412 0.015991 0.004546 0.011410
19 0.005078 0.014779 0.014219 0.008147 0.001371 0.004600 0.042622 -0.019953 0.010195 0.005656
20 0.006371 0.012950 0.012395 0.002946 0.029394 0.016351 0.035881 -0.010334 -0.017613 0.003891
21 0.012622 -0.016567 0.007352 -0.006911 -0.005255 0.003649 -0.033883 0.002301 0.013114 0.000165
22 0.005134 -0.016674 -0.019747 -0.011580 -0.111617 -0.024800 0.036416 0.013372 0.005663 0.002310
23 -0.003479 0.033687 0.094994 -0.004642 0.004318 0.018079 0.059924 0.003013 -0.000831 -0.028169
24 0.024505 0.007433 -0.033904 0.004642 -0.024364 -0.010067 0.000251 -0.012841 0.001329 0.014142
25 -0.018440 -0.033490 -0.019607 -0.015305 -0.005679 -0.032647 -0.015561 -0.010959 -0.014885 -0.011517
26 -0.006065 0.022600 0.005633 0.044569 0.020752 0.014307 -0.039676 0.000847 -0.008460 -0.019121
27 0.021793 0.031455 0.017304 -0.008369 0.005653 0.007316 0.032883 0.018136 0.014508 0.001808
28 0.058096 0.008034 0.003141 -0.004345 0.023008 0.021928 0.034046 -0.001055 0.001841 -0.002067
29 -0.009148 0.013283 0.004958 -0.004633 0.029905 0.016777 0.037046 0.003912 0.000835 0.006445
30 0.003790 0.000318 0.018378 0.000942 0.005482 -0.010208 -0.017363 0.013222 0.012449 -0.004980
31 0.001862 -0.004034 -0.010577 0.001545 0.009268 0.002927 -0.001569 0.004481 -0.005293 -0.000172
32 0.009964 0.007947 0.002451 0.006024 0.005949 0.004326 -0.018587 0.007563 0.002319 0.019524
33 -0.008269 -0.010717 -0.007547 0.000400 0.001639 0.005852 0.012664 0.011335 0.000662 -0.004061
34 0.017492 -0.004866 0.003576 0.008701 -0.017348 -0.002462 0.005780 -0.002089 -0.001158 -0.000424
35 0.006154 0.002676 0.006009 0.001058 0.008171 0.006841 0.010531 0.004173 -0.009146 -0.002038
36 0.012144 -0.005790 0.011278 0.008485 0.020328 0.015531 0.035211 0.007116 -0.000501 0.007704
37 0.000632 -0.012770 0.008875 0.010490 -0.017408 -0.004952 -0.002868 0.007162 0.067532 -0.006006
38 0.000158 0.005810 0.010547 0.002331 -0.002793 -0.001854 -0.020125 0.006425 0.009949 0.014905
39 0.006143 -0.006300 0.006578 -0.022033 -0.006527 0.012134 0.024577 -0.014206 -0.007296 -0.008141
40 0.006834 -0.002127 0.006033 -0.000198 -0.009020 0.008661 0.006373 0.012145 0.015001 -0.006934
41 -0.007567 -0.000109 -0.008614 0.014833 0.006757 0.003444 -0.004581 -0.004211 0.001534 -0.020315
42 -0.021283 -0.011423 -0.016655 -0.025067 -0.004285 -0.008210 0.089106 -0.008708 -0.006303 -0.017206
43 0.016452 -0.001658 0.007228 -0.018405 0.026357 0.007373 0.025398 -0.016898 0.008294 -0.000793
44 0.000053 0.007716 0.009539 -0.017780 0.003549 0.000372 0.067476 -0.008875 -0.005214 0.012616
45 0.001578 -0.000714 -0.003489 0.000415 -0.011653 -0.002676 0.008080 -0.038370 -0.001847 -0.010766
46 0.005241 -0.014945 -0.021884 0.005799 -0.015530 -0.034370 -0.038394 -0.006354 -0.000462 0.003163
47 0.005006 -0.016191 0.002302 0.009522 -0.000471 0.001109 -0.007877 0.028087 0.013318 0.028283
48 0.009216 0.010711 0.002641 0.007269 0.022578 -0.003886 0.047794 0.004170 0.000912 -0.024256
49 0.001648 0.005592 0.004062 0.000406 -0.001048 0.006148 0.012418 0.016053 0.011781 -0.015675
50 0.007790 0.010759 0.011017 -0.012459 0.037183 0.018904 0.050271 -0.004700 0.007330 0.003986
51 -0.007122 0.020313 0.007203 0.003078 -0.002629 0.001202 -0.011847 -0.002388 0.000894 0.007486
52 0.012316 -0.003791 -0.013548 0.004497 -0.001622 -0.001579 -0.000910 -0.022628 -0.019094 -0.010762
53 -0.019333 0.014865 0.003857 0.000340 0.019367 0.009440 0.007434 0.008745 0.016261 0.002923
54 0.070131 0.000908 0.008793 -0.002518 0.009643 0.011179 -0.007252 0.002462 -0.003441 -0.008080
55 0.028178 -0.001818 0.007659 -0.009241 0.002696 0.019183 0.034866 -0.006368 -0.006314 -0.011116
56 0.005476 -0.016509 -0.015830 0.000275 -0.009359 0.001178 0.034618 0.008542 0.005864 -0.008055
57 -0.008202 -0.000925 0.009180 0.000619 0.000119 0.002239 0.017363 -0.000362 0.004786 -0.008487
58 0.019480 0.002176 0.002296 0.002813 0.004887 0.013020 -0.006848 -0.015999 0.005951 -0.006898
59 -0.011045 -0.006814 -0.013118 -0.002058 -0.014193 -0.004538 0.034517 -0.016862 0.002666 0.009369
60 -0.021748 0.017837 0.007116 0.014518 0.004415 -0.001435 -0.036045 0.007187 0.006047 0.021347
61 -0.010499 0.015886 0.014247 0.006542 -0.013889 0.009112 -0.032721 -0.003991 -0.001471 -0.008809
62 0.003128 -0.018738 0.002936 0.002484 0.008313 -0.004702 -0.069179 0.015197 0.014473 0.029271
63 0.004458 0.004141 0.026150 -0.013027 0.023161 0.007300 0.065380 -0.011247 -0.021715 0.002802
64 0.019796 0.038273 -0.001132 -0.002517 0.004923 0.002680 0.002456 -0.000950 0.012822 0.000350
65 0.003978 0.021663 0.008006 -0.006972 0.012473 0.001525 -0.019251 0.004946 -0.006022 0.004274
66 -0.016388 -0.023525 -0.018581 0.002466 -0.029970 -0.013114 -0.003636 0.045845 -0.002508 0.001913
67 0.028689 0.020234 0.005817 0.001914 0.000912 0.021646 0.006133 -0.029108 -0.003403 -0.001391
68 0.016109 0.014099 0.011426 -0.002804 0.009505 0.005568 -0.013200 0.007231 0.008705 -0.006808
69 0.005794 -0.012123 0.004171 -0.002331 0.000902 0.003239 0.044718 -0.016901 0.002494 0.005067
70 0.021390 0.012123 0.024095 0.005408 0.057070 0.014629 -0.019284 -0.003845 0.026036 -0.012186
71 0.006518 -0.003556 -0.007740 -0.006850 -0.019809 -0.002827 0.018660 0.002722 -0.005153 -0.010552
72 0.003768 0.000251 -0.000210 0.010734 0.001284 -0.014474 0.024502 0.005645 0.003152 -0.011115
73 0.018629 0.002255 0.011590 0.016055 0.008810 0.014496 0.026514 0.017764 0.007270 0.008795
74 -0.023495 -0.024011 -0.028215 0.001805 -0.041996 -0.025084 -0.057276 0.006824 -0.008701 0.011813
75 0.012966 -0.002875 -0.002780 0.001202 -0.027345 -0.002532 0.014339 0.014116 -0.008055 0.000177
76 0.016605 -0.009142 0.007521 -0.004279 -0.005447 0.000904 -0.006209 0.007479 0.005330 0.016982
77 0.001790 0.001555 -0.014397 0.011790 -0.012922 -0.009829 -0.016327 0.062977 0.005444 0.007178
78 -0.025621 -0.026724 -0.015647 0.036221 -0.058434 -0.013437 -0.068535 0.043513 0.014750 0.013694
79 -0.020749 -0.022493 -0.018793 -0.007436 0.029559 -0.007128 0.025934 -0.015717 -0.002961 0.009812
80 0.000580 -0.003380 0.000948 -0.004708 0.001973 -0.007430 -0.026443 0.001753 -0.000989 -0.023248
81 -0.001562 -0.003172 0.021835 -0.002913 0.022009 0.013249 0.046474 -0.012101 -0.005243 -0.006916
82 0.004677 0.020924 0.001363 -0.012329 0.002643 0.004303 -0.007720 -0.006881 0.003829 -0.016268
83 -0.029176 -0.030391 -0.051580 0.025469 -0.057745 -0.036513 -0.070456 0.009063 -0.000708 0.014009
84 -0.004816 -0.005434 -0.030334 0.021272 -0.017187 -0.024786 -0.017393 -0.000125 -0.008249 0.020823
85 0.002159 0.014627 -0.002842 0.006245 0.026745 0.016286 0.006923 0.017780 -0.003433 -0.000852
86 0.001284 0.003828 0.014420 -0.013033 0.000021 0.003427 -0.013087 -0.005227 -0.002295 -0.010539
87 0.002563 -0.008166 0.004257 0.017319 -0.005426 -0.008968 -0.073040 0.016762 -0.006196 0.017672
88 0.014880 0.028590 0.007478 -0.021807 0.024819 -0.010865 0.120553 -0.000295 -0.007981 0.003548
89 -0.016893 -0.015685 -0.004051 0.018267 0.047121 -0.002968 -0.069072 -0.005901 0.016615 -0.013926
90 0.006846 -0.091948 -0.023765 0.020807 -0.019476 -0.020883 -0.017924 0.029350 -0.019241 -0.000599
91 -0.049366 -0.041840 -0.047176 -0.017764 -0.025752 -0.033202 -0.065689 -0.034268 -0.012790 -0.018218
92 -0.009796 0.005635 -0.000623 -0.014240 0.037867 0.011224 0.037132 -0.002829 0.002217 -0.005329
93 0.012421 0.005174 0.001307 -0.000440 -0.010519 -0.002957 -0.052581 -0.004002 -0.012328 0.013227
94 0.016496 0.018444 0.019040 0.008273 0.041486 0.010635 0.059464 0.000283 0.011147 0.018924
95 0.013642 0.006852 0.009416 0.002493 0.015846 0.008235 -0.002098 -0.013298 0.004277 0.008110
96 0.005948 -0.000839 -0.008745 -0.004618 -0.003521 0.001944 0.039955 0.011619 0.010977 0.001261
97 0.017047 0.020355 0.012004 -0.009363 0.024109 0.017544 0.063265 0.015709 -0.008332 -0.009626
98 0.002032 -0.000764 -0.023784 0.000568 -0.003373 0.006860 0.016566 0.009412 0.007749 0.009206
99 0.013440 0.043091 0.007011 0.003842 0.019867 0.009954 0.039683 -0.000104 0.063755 -0.001851
100 0.005901 -0.002989 0.009576 0.001884 -0.018615 -0.006099 0.013903 -0.003335 0.003683 -0.004728
101 -0.000708 0.006530 0.021974 0.001505 0.003520 0.007286 0.042586 0.001902 0.003669 0.003042
102 0.002741 0.003696 0.003320 0.003315 -0.004830 0.007727 -0.021381 0.003226 0.011062 -0.033893
103 -0.000486 0.006853 -0.007903 0.007898 0.015878 -0.001555 0.009775 -0.004453 0.009347 -0.006392
104 -0.008294 -0.022345 -0.012848 0.005683 -0.006054 -0.020461 -0.037746 0.001124 0.004509 0.007700
105 0.010236 0.005153 0.011655 0.010904 -0.007416 0.002980 0.044494 0.009955 0.001586 0.013763
106 0.001498 -0.008737 0.002982 0.002920 -0.013116 -0.007949 -0.022750 0.004472 0.004350 0.021181
107 0.003735 -0.013654 -0.009273 -0.010136 -0.003884 0.000846 0.014445 0.000375 0.001314 -0.009556
108 -0.006776 -0.013492 -0.011364 0.005935 -0.004479 -0.007860 -0.021189 0.002024 -0.000657 -0.009906
109 0.014465 0.007699 -0.006709 0.001889 0.002782 0.006119 -0.065978 0.005135 0.004459 0.013723
110 -0.003444 0.036397 0.010411 0.009876 0.005945 0.009684 0.015024 -0.002319 0.010544 -0.001610
111 -0.027582 -0.012685 -0.040164 0.007807 -0.018489 -0.018632 -0.100097 0.014266 -0.000777 -0.021165
112 -0.008656 -0.016706 -0.005057 0.001196 0.001913 -0.001320 -0.016713 0.009145 0.000907 -0.012286
113 0.006904 0.025968 0.004994 -0.014262 0.008003 -0.001248 0.009371 -0.014488 -0.003632 -0.007834
114 -0.007040 -0.037224 -0.041650 -0.003704 -0.032624 -0.016517 -0.041712 0.002332 -0.004167 -0.004694
115 0.000407 0.023127 -0.017172 0.013475 0.008995 0.009958 0.034786 -0.004668 0.009092 0.020822
116 -0.003628 0.023385 0.003138 0.004611 0.000000 0.020686 0.015193 0.008264 0.018829 -0.037112
117 0.011519 0.027304 0.014165 -0.015413 0.013850 0.021118 0.078348 -0.015613 0.000381 -0.009976
118 0.000494 0.013351 0.022036 -0.001093 0.026548 0.009317 0.018895 -0.002258 0.010347 0.013668
119 -0.001213 -0.002731 0.018031 0.005331 -0.001866 0.008372 -0.000336 0.009977 0.011731 -0.000720
120 -0.028168 -0.008617 0.003907 0.008842 0.016372 0.001740 -0.019672 -0.008754 -0.000496 0.013937
121 0.002170 0.010706 0.008081 0.000479 0.005684 0.008794 -0.010242 -0.019159 -0.024631 0.012958
122 0.017830 -0.002411 0.003301 -0.005522 0.003035 -0.010024 -0.019393 0.004644 0.005456 0.003497
123 0.036395 0.018284 0.014998 -0.008037 0.038563 0.018126 0.038926 -0.006185 -0.012606 0.012317
124 -0.002932 0.009070 0.008540 -0.004012 0.004016 -0.007827 -0.015992 -0.003594 0.012985 -0.006313
125 -0.007610 0.011830 -0.009582 -0.005743 0.005436 -0.004052 0.002239 -0.002769 0.015936 0.017969
126 0.003966 0.000413 0.003489 -0.002699 -0.001915 -0.010062 0.038887 0.003099 0.004224 -0.002645
127 -0.004408 -0.007400 -0.003980 -0.013483 0.008801 0.006827 0.021607 0.001945 0.009009 -0.019671
128 0.005067 -0.007141 0.005140 0.004907 -0.000827 -0.001853 0.004282 -0.002606 -0.018349 -0.017314
129 0.001186 -0.016828 0.008872 0.000062 -0.000846 -0.007657 -0.021513 0.012173 -0.001753 0.026421
130 0.022614 -0.008763 0.011429 0.004081 0.008914 0.005313 0.000329 0.004852 0.012085 0.012015
131 -0.029575 -0.006461 0.007330 -0.000432 0.007015 -0.022586 -0.037246 -0.002363 0.006419 0.022856
132 0.002517 -0.002001 -0.006612 -0.005075 -0.006369 -0.008498 0.015688 0.015329 -0.010390 0.013171
133 -0.004907 -0.015271 -0.000598 -0.004166 0.017239 -0.001415 0.033102 0.000743 0.000000 0.008685
134 0.004995 0.024698 0.008041 -0.001309 0.022347 -0.001153 0.016709 -0.002618 0.006321 0.018189
135 -0.022789 -0.031093 -0.025050 -0.004753 -0.018904 -0.015795 0.022167 -0.013007 -0.022995 0.004317
136 0.018237 0.010563 0.007937 0.001002 0.013773 0.012545 0.039681 -0.003399 0.007682 -0.026921
137 0.016560 0.013319 -0.016061 0.005994 -0.004022 0.006609 -0.001808 0.016440 0.008619 0.000410
138 -0.002181 0.007961 0.000736 -0.000872 -0.011377 -0.003888 0.016152 0.010901 -0.009874 0.008563
139 -0.006527 0.011559 0.008178 0.005901 0.010428 0.001154 -0.000074 0.000585 0.006136 0.003810
140 0.016346 -0.006802 0.011062 0.000867 0.000796 0.006751 0.023969 0.012215 0.002369 0.003795
141 0.010964 0.000800 0.003301 0.015352 -0.007054 -0.000955 -0.047994 -0.084600 0.016797 -0.030522
142 -0.008891 -0.004271 -0.000959 0.001096 -0.016302 -0.006277 0.030827 0.026695 -0.005280 0.002573
143 0.001595 0.003419 -0.013464 0.001156 0.000243 0.001441 0.008876 -0.009337 -0.004071 -0.002573
144 0.012202 0.007755 0.003277 0.003944 -0.000798 0.003450 0.007784 0.006305 0.005179 -0.002829
145 0.006278 0.000423 0.004534 -0.013966 -0.002275 0.001482 0.040544 0.003260 -0.006168 0.000583
146 -0.002625 0.003327 0.006133 0.003800 0.011839 0.020632 -0.000835 -0.002821 0.014862 0.005150
147 -0.021860 -0.026657 -0.014126 0.014637 -0.031983 -0.006830 -0.028467 -0.009202 0.015125 -0.003569
148 -0.000824 0.009001 0.000304 -0.013292 0.007230 0.000306 0.006072 -0.006806 -0.002766 -0.005670
149 0.003637 0.007750 0.014841 -0.017193 0.009588 0.008020 0.008016 0.006664 -0.006403 -0.000837
150 0.008563 0.002977 0.008052 0.004465 0.008529 -0.003650 -0.007232 0.001204 0.002904 -0.004950
151 0.001156 0.012869 0.016496 -0.009388 0.025816 0.012487 0.005182 -0.005517 -0.012770 -0.013719
152 -0.015396 0.009907 0.028797 0.003243 -0.002498 0.001342 -0.013614 0.001475 -0.003802 -0.005043
153 -0.018377 -0.033395 -0.019781 -0.004681 -0.041787 -0.062437 -0.048374 0.002732 0.006857 0.000771
154 -0.013369 0.060019 -0.000232 0.001688 -0.000740 0.009844 0.019690 0.005406 0.002924 -0.015795
155 -0.004046 -0.010922 -0.011476 -0.011873 -0.011491 -0.004665 0.004789 -0.017400 0.003158 0.031344
156 0.006465 0.018823 0.004268 0.000695 0.020740 0.007318 0.027977 0.016466 0.014808 0.002946
157 -0.003272 0.037339 0.039577 -0.002973 -0.000664 0.020971 0.039932 0.050985 -0.002872 0.017003
158 0.021147 0.014192 0.021908 -0.007311 0.033773 0.012417 0.022209 0.014574 0.004902 0.001239
159 -0.002288 -0.008943 -0.013365 -0.008072 -0.003996 -0.006816 -0.008431 0.016966 0.011620 -0.000330
160 -0.012102 -0.006458 0.011663 -0.002770 -0.010525 -0.010779 -0.016184 0.015213 -0.007336 -0.005298
161 0.000000 0.009958 0.007391 -0.015601 0.002825 0.011938 0.020645 -0.017066 0.009220 -0.000997
162 0.003961 0.024540 -0.015558 0.003923 -0.008276 0.005117 -0.013716 -0.014420 0.005983 0.009263
163 0.013677 -0.012313 -0.017550 -0.008980 -0.004909 0.003967 0.003344 -0.021218 -0.012120 -0.007520
164 -0.014210 -0.042847 -0.019702 0.013928 -0.040810 -0.028248 -0.033112 -0.001552 -0.002608 -0.010422
165 0.013333 -0.004502 0.016596 0.004988 0.000577 0.001830 -0.012973 -0.004366 -0.002020 0.008347
166 0.001140 0.014324 0.015602 -0.011502 0.011995 0.004871 0.047787 -0.021687 0.029531 -0.014062
167 0.003149 -0.008491 -0.012608 0.000719 0.007864 -0.005520 -0.007648 0.039920 0.006675 0.014145
168 -0.002098 -0.022430 -0.046695 0.015489 -0.004306 -0.006326 0.005332 -0.005025 0.013784 0.013292
169 0.005890 -0.006372 -0.015902 -0.002124 -0.007040 0.009953 -0.032710 -0.011142 0.022928 -0.001149
170 0.012966 0.021729 0.017024 0.003923 0.010620 0.004283 -0.042673 0.025003 -0.010448 -0.015057
171 0.009360 0.031324 0.006999 -0.008121 0.014807 0.021730 0.006595 0.001583 0.020022 -0.016811
172 -0.000553 -0.010252 0.001172 0.005679 -0.007596 -0.011751 -0.011607 0.002617 0.006223 -0.002631
173 0.010164 0.010396 -0.001934 -0.002513 0.008955 0.001111 0.021274 0.002987 0.006725 0.002546
174 0.009478 0.013474 0.014499 -0.001356 0.031721 0.017603 0.002745 -0.002757 0.001512 -0.000933
175 0.012691 0.012873 0.000231 -0.015888 0.034517 0.000510 0.011689 -0.005421 0.009347 -0.001529
176 0.001483 0.021873 0.017588 -0.012482 0.000212 0.014322 0.034201 0.009145 0.010002 -0.029233
177 0.000123 0.010896 -0.010160 -0.006334 -0.007933 0.011818 -0.000551 -0.053503 0.008959 0.004366
178 -0.000823 0.028958 0.012429 -0.001406 0.024078 0.002144 -0.018227 -0.052023 0.004188 -0.010598
179 0.015973 -0.004149 0.003450 0.001940 -0.016487 0.005508 -0.025815 0.019816 -0.019734 -0.005917
180 0.004125 -0.004655 0.051877 -0.002476 0.009328 -0.006049 -0.027313 0.008119 0.007644 -0.002039
181 -0.005179 0.022931 0.053139 -0.017508 0.021343 0.012686 0.030908 -0.057647 0.004327 -0.006679
182 0.005946 -0.005618 -0.015781 -0.002731 -0.002992 0.001269 -0.014242 -0.033874 -0.009204 -0.000894
183 0.000685 -0.006617 -0.011688 0.002595 -0.016689 -0.005107 -0.022756 0.009110 0.001699 -0.008803
184 0.011659 0.023764 0.034814 -0.019073 0.006251 0.009612 -0.016902 -0.043148 0.006557 -0.021614
185 0.009673 -0.007671 -0.005262 0.017640 -0.007719 0.006335 -0.012272 -0.026383 0.005781 -0.004250
186 -0.021655 -0.047078 -0.035999 -0.011403 -0.036581 -0.038285 -0.011415 0.028827 -0.019792 -0.014830
187 0.006990 0.012483 -0.002369 -0.008116 -0.002716 -0.000823 0.013637 -0.021174 -0.001605 -0.008588
188 0.018641 0.007273 0.017039 0.006179 -0.017480 -0.000984 0.030299 0.021994 -0.012498 0.003406
189 0.003060 0.000622 0.015581 0.005522 0.024640 -0.003097 0.036232 0.012340 -0.020703 0.004053
190 0.011413 0.017573 0.008029 0.003985 0.013084 0.009330 0.003930 -0.000474 0.025462 0.000940
191 0.003171 -0.008770 -0.002382 -0.001853 -0.007266 -0.002781 -0.002070 0.009929 0.001186 0.000845
192 -0.013331 -0.014641 -0.015647 -0.003647 -0.005884 -0.017453 -0.021088 -0.002272 -0.012253 -0.000094
193 -0.013352 -0.011010 -0.006982 -0.011859 -0.014391 -0.013328 0.003497 -0.004303 -0.011963 -0.006785
194 -0.007083 -0.008668 -0.011745 0.008890 -0.009739 -0.007869 -0.023550 -0.003828 -0.002432 0.016969
195 -0.026586 0.003776 0.000997 -0.004157 0.023179 -0.006952 0.029496 -0.002672 -0.003881 -0.002420
196 -0.002011 0.017867 0.013029 0.001180 0.008955 0.011331 0.043574 0.016688 0.008629 0.005112
197 0.006716 0.015140 0.024701 -0.003682 0.041421 0.010573 0.033756 0.001305 0.007135 -0.001113
198 -0.011453 -0.024461 -0.006334 0.017731 -0.019727 -0.012891 -0.064186 0.001129 -0.006804 0.009331
199 0.002021 0.000090 -0.006733 -0.027454 -0.011672 0.005172 -0.000214 0.019774 0.010843 -0.016877
200 -0.024399 -0.014465 -0.011427 -0.001477 0.008381 -0.013302 -0.030435 -0.007329 0.012987 -0.003654
201 -0.010398 -0.002195 -0.004566 0.016822 -0.012302 -0.004210 -0.019916 0.038523 -0.015933 0.025484
202 -0.004790 -0.003209 -0.006469 0.001936 -0.023417 -0.003650 -0.011095 0.004793 -0.008118 0.003927
203 0.019485 0.025347 0.030567 0.001519 0.037763 0.025275 0.033436 -0.000589 0.006040 0.016183
204 -0.041239 -0.012117 -0.013133 0.019130 -0.009476 -0.004066 -0.019792 -0.062316 -0.000438 -0.001705
205 0.007507 0.023646 0.016022 -0.005020 0.002402 0.010426 0.030524 -0.001627 0.006985 0.008943
206 -0.032436 0.020892 0.010474 0.007589 0.006004 -0.001236 0.022403 0.029439 0.012323 -0.007596
207 0.005331 0.018467 0.002002 -0.019631 0.011355 0.040477 0.043355 -0.010089 0.001610 -0.017557
208 -0.000760 0.001743 -0.002252 0.009386 0.020557 0.001142 0.001019 0.019153 0.006202 0.005645
209 -0.003942 -0.002424 0.011557 0.001227 0.017197 -0.005950 -0.031744 0.005159 0.010076 -0.013619
210 0.031286 0.002424 -0.041101 0.040511 0.018955 -0.021626 -0.185946 0.020465 0.027479 0.013801
211 0.035892 0.011530 0.016887 -0.016553 0.021662 0.028672 0.085497 -0.001915 -0.001130 -0.019523
212 0.004606 -0.004545 0.000558 0.005107 0.003198 -0.010950 -0.041876 -0.008107 0.002156 0.005814
213 -0.007422 -0.010303 0.027265 0.011315 0.015417 -0.063802 0.007651 0.013787 0.011726 0.008248
214 -0.006715 0.012873 0.014551 -0.004721 0.003168 0.000169 -0.037435 -0.005661 -0.004979 -0.025325
215 -0.034442 -0.001094 -0.014502 -0.001842 0.011943 -0.010025 -0.028811 0.010434 0.013961 0.002431
216 0.020790 0.019355 0.024712 0.010611 0.009603 0.003522 0.016914 -0.004993 0.012281 0.026447
217 -0.001419 -0.024634 -0.071900 0.007788 0.000965 0.002229 0.050775 -0.010394 0.016632 -0.000728
218 0.003221 0.011200 0.000052 -0.007657 0.010050 0.006103 0.030376 -0.018265 0.003799 -0.013284
219 -0.024261 -0.041375 -0.032438 -0.002544 0.003547 -0.014705 0.008974 -0.005695 -0.016667 0.004233
220 0.000088 0.017262 0.005648 0.007288 0.004023 0.006010 0.028323 0.011958 0.017347 0.018922
221 0.021597 -0.001631 -0.006022 0.012179 0.003340 -0.001894 -0.005781 0.001031 -0.004382 0.006288
222 0.018105 -0.016592 -0.008806 -0.005588 0.007722 -0.005850 -0.012579 -0.012287 0.011064 -0.039454
223 0.019482 0.006270 0.013126 0.012736 0.004374 0.003660 0.031155 0.007142 0.013803 0.007240
224 0.012631 -0.007363 -0.005390 -0.007020 0.011070 -0.005153 0.025974 -0.014545 -0.009661 0.001017
225 -0.000532 -0.008917 -0.005742 -0.007456 -0.027943 0.002958 0.003953 -0.044489 -0.002502 0.017401
226 0.001635 -0.000088 0.007133 0.018538 -0.017745 0.012445 -0.001220 0.020381 0.002118 0.001452
227 0.003913 -0.016685 -0.002622 0.011273 -0.012770 0.003274 0.006301 -0.017011 -0.067517 0.015295
228 -0.001140 -0.028674 -0.027485 0.016275 -0.016382 -0.019216 -0.041384 -0.074350 -0.025315 -0.011765
229 0.006293 -0.018030 -0.002150 0.008833 -0.022817 -0.010367 -0.031358 -0.010561 -0.011780 0.005226
230 -0.000243 0.000423 -0.021308 0.014250 -0.016038 -0.015214 -0.028417 0.019016 0.042021 -0.013937
231 -0.027412 0.007257 -0.015168 -0.018289 0.024340 0.004589 0.036063 -0.014540 -0.015370 -0.002464
232 -0.012813 -0.026521 -0.026037 0.003978 -0.023215 -0.018176 -0.088591 0.010664 0.006114 0.006284
233 0.018951 0.016817 0.011740 0.007848 0.015018 0.011298 0.038933 0.013566 0.018629 0.010656
234 -0.015880 -0.034799 -0.020888 0.013602 -0.019876 -0.021644 -0.090949 -0.016794 -0.010398 -0.032592
235 -0.008862 -0.005968 0.023150 -0.011181 -0.023243 0.000309 0.016779 0.016057 -0.027214 -0.002044
236 -0.000806 0.022128 0.013694 -0.001815 0.025409 0.031435 0.011231 0.002882 0.010579 -0.019721
237 -0.001741 -0.037456 -0.004467 0.004291 -0.044448 -0.010352 -0.059086 0.024366 -0.014060 0.020464
238 0.015768 -0.007251 0.008801 0.005173 -0.003622 -0.009061 0.018992 0.011741 -0.031340 0.012925
239 -0.049694 -0.023923 -0.046230 0.006041 -0.045233 -0.034006 -0.051999 -0.027238 -0.043451 0.025180
240 -0.029624 0.010483 -0.010965 -0.011033 0.012827 0.000763 0.016502 0.012047 -0.004336 -0.023897
241 -0.017633 0.011632 0.018031 -0.018314 0.022608 0.007385 0.062203 -0.010195 -0.025951 -0.000275
242 -0.034223 -0.025461 -0.025591 0.000859 -0.047803 -0.011811 -0.001383 0.000852 -0.008250 -0.004224
243 0.018007 0.020723 0.017392 -0.001105 0.028310 0.025518 0.051350 0.014699 0.010009 0.029290
244 0.002386 -0.011227 -0.006284 0.000184 -0.004454 0.000360 -0.017745 0.021000 0.024421 0.016485
245 -0.006140 -0.015030 -0.023692 0.008622 -0.037974 -0.013416 -0.034903 0.009533 -0.021613 -0.001055
246 0.011918 0.014008 0.021950 -0.007701 0.002915 0.011150 0.017944 -0.001192 0.008609 0.015455
247 -0.005310 -0.003022 -0.007425 0.000184 0.003316 -0.002530 0.008558 0.015969 -0.006042 0.004237
248 0.019290 0.006442 0.007244 0.003735 0.017340 0.011361 -0.007027 0.010796 0.001979 -0.003457
249 0.011207 0.035300 0.021894 -0.002080 0.037203 0.004641 0.031034 -0.000677 0.017410 0.002594
;
